53.34280006948063
53.34392912975508
52.886868044515104
51.36577791243751
52.56181318681319
47.97732001664586
47.97732001664586
47.862911235257606
52.05666368515206
53.125061384842034
53.125061384842034
55.61745206369841
55.61745206369841
60.2478851010101
67.39345730027549
66.28587558275058
65.11973821210769
61.286096256684495
61.28645276292335
56.86173312883436
56.86173312883436
54.14435035254934
50.453892215568864
50.80678109769019
50.80614536978173
53.631037151702785
54.715178125223105
55.56862582781457
56.26905615292712
56.12954998008762
56.08004467609829
56.08004467609829
54.129274425287356
53.55615520282187
52.92439603512607
52.925149813439866
51.8910320448782
51.32893339402215
50.494376618571955
49.74537487828627
49.32791551194667
48.22486753017368
46.138982926111275
45.83655523255814
46.00039954959863
46.011550615669606
45.32862554709625
44.76778227014076
44.679089026915115
45.30817009077879
45.31092653166232
42.9209595113048
42.9209595113048
45.323474284000596
43.088752525630476
45.19958014694857
45.214424951267056
44.98088601681719
44.98088601681719
48.5592809790923
48.62593537414966
51.78670807453416
52.20033126293996
52.78235570957943
50.81097027972028
50.914539930555556
50.92855902777778
51.30496289424861
50.86338028169014
50.860835983643796
51.475142962553036
51.94652133580705
53.31703703703704
53.06493827160494
51.72074558218349
50.1866146673839
51.64213564213564
52.90757887517147
52.9313324819072
54.23742111546989
54.23742111546989
54.08800330373735
53.389889889889886
53.39001501501502
52.09108087679516
53.33824013157895
53.331907894736844
53.00132275132275
52.02682306940371
52.114413364413366
51.167857142857144
50.55078079135846
48.728304048892284
48.72142857142857
46.1259559154296
46.003056052474655
45.51370979694679
45.56985494601374
45.70682426082556
44.808295625942684
44.49299349001434
43.987791176690884
41.75659953609956
41.75023010934796
41.15399522957662
40.855695549661064
41.42829382044306
40.50095390720391
41.88882803943045
41.882647473008916
43.05137025570462
43.34422090729783
43.243493493493496
43.243493493493496
50.929308176100626
50.929308176100626
51.30633123689727
50.58165548098434
50.583255524432
50.583255524432
49.482217714672075
48.37330840455841
49.24932583756113
48.69730681870857
48.69809484077319
49.91130136986301
49.915166340508804
50.38537539740768
48.84329271276856
43.0973715651135
43.0973715651135
41.98897243107769
41.98897243107769
43.240184598429536
42.60976377952756
28.227312992125984
28.243307086614173
27.613188464428134
31.322995746513758
29.540758807588077
28.36038313803666
28.47621115614746
30.595726495726495
30.595726495726495
29.98922782643713
29.967370348949295
31.154781957701665
31.152629608833987
31.53787685774947
31.371549893842886
31.00159151193634
32.14835822047305
31.52422253477106
31.522816065010158
30.40349587519399
30.40349587519399
31.104712897165726
31.22849791717716
30.63165563465301
30.63061487864785
30.830437660296187
30.52233489775394
30.836559666748347
31.949714919227116
31.951655052264808
33.89364733821492
33.89364733821492
34.098885630498536
36.254216089728075
37.19439759779524
37.1984286948295
40.00491482360781
40.6180926149079
41.225256410256414
41.1625470407116
41.165112897707836
41.17897739741058
41.137520014232344
42.30268046709129
44.49768602540835
44.66112237998648
46.01552013422819
46.014354958985834
47.18091954022989
48.93508819052735
49.87171052631579
49.87235014619883
49.01453809348546
49.9992123795404
49.84581662158381
48.791929206819866
48.58114035087719
49.70731255499467
50.233333333333334
50.222144522144525
49.858820912124585
49.26712328767123
49.26712328767123
49.29806644880174
47.94832440286986
47.94832440286986
47.28750884642604
46.998009554140125
46.95567940552017
46.4687909209952
46.685881587508135
46.68436347863804
46.872261982216436
47.01065488565489
47.01827789327789
45.98429161645722
45.778016870373555
45.7626527801687
45.359904208005474
45.219722887444405
45.21852548751283
45.31779040730216
45.255704813571
45.44910875742702
45.64539739946611
45.88046418288108
45.422115342952466
45.42624644794627
45.42624644794627
44.74526625936999
44.87168122915875
44.87434046684395
45.19243594613988
44.98489932885906
44.98489932885906
45.1286211876646
45.16288915497776
45.16391549777626
44.29109647622306
44.47033496943081
44.4571170240248
44.23871022921656
44.540583577207784
44.53485970046479
43.936538951660864
44.62983236400958
44.62961854259323
44.54977180745716
44.22272453285112
44.22358563678636
44.08137432188065
43.886769550893014
43.88746315241894
44.00633209258546
43.60274675908099
43.59863945578231
43.271372243164784
43.40411140583554
43.40424403183024
43.048012299582695
43.18908045977012
43.18908045977012
43.33138469592531
43.53127999301981
43.53223976965361
43.231960561905595
43.14199055418346
43.14199055418346
43.21149986912137
42.18623200971042
42.283949022647036
42.53555536166129
41.84112190046818
41.84112190046818
41.955479452054796
41.936708860759495
41.936708860759495
42.403657004202955
42.88504493499695
42.88631009510514
42.88738145416227
42.664950702381994
42.664950702381994
42.993539554186455
43.05200966395783
43.06048759059961
43.007294429708224
43.44901789611524
43.445918812745525
43.5296948153286
43.73880957610367
43.61640141467728
43.04686379928315
43.34168877099911
43.33660477453581
44.09175417455672
43.18233040342574
43.70249955523928
43.54787878787879
44.57510192735359
44.580198295033355
44.773899711399714
45.39608757255816
45.39741304447187
45.3573380262122
45.708331403695645
45.708331403695645
45.262919838781905
44.523346125730995
44.538240131578945
44.12337662337662
44.26794215795328
44.27715239154616
44.680009015100296
44.890990497076025
44.887518274853804
44.78058076225045
45.0364238410596
45.043828182487125
44.98981293666892
43.89399910434393
43.88477384684281
43.95853053865224
44.66163482335977
44.66433850036049
44.83654276757725
45.262382445141064
45.262382445141064
45.10058097312999
44.892717236467234
44.892717236467234
44.42213261648745
44.420815295815295
44.420815295815295
44.099955217196595
44.2953216374269
44.2953216374269
44.65666118421053
45.21845051500224
45.22373488580385
45.10985589752713
45.76623376623377
45.75458103540295
45.432591218305504
45.50122504537205
45.50117967332123
206.72059447983014
206.72059447983014
205.36052123552125
205.36052123552125
41.89844984802431
41.89844984802431
42.223287250384026
41.79912717438072
40.83382960622266
40.828968157510936
40.49527027027027
40.50460687960688
40.488667076167076
40.53708571255929
41.33360524487145
41.336898395721924
41.42867179863148
41.42867179863148
41.916139868682244
41.81383417315621
41.197837380693485
41.198048809955296
41.282999486389315
41.282999486389315
41.501045900071716
42.04476356426125
41.971362807521
41.973754222341796
42.80447060222341
42.80447060222341
43.15951470236672
43.28218383934975
43.16761363636363
43.170938104448744
43.327496159754226
43.327496159754226
43.34387745853349
43.21024804374755
43.384546055398665
43.384546055398665
43.569366796305296
43.56973140495868
43.538982741857076
43.36759613632221
43.26893812070283
43.26340718105424
43.035391705069124
42.721341352287226
42.77633226446786
42.6289312039312
42.62767199017199
42.57901413555636
42.44706954145156
42.74616093366093
41.92613068465767
42.125214676034346
42.125214676034346
42.709068322981366
42.709068322981366
42.00789440444613
42.4928396457509
41.50385993083004
41.50385993083004
41.940756756756755
41.94480308880309
41.923796210003104
42.226756198347104
42.21536217792902
42.06262153621779
42.42569261911236
42.32073732718894
42.40651737451738
42.13129452223041
42.129267993122085
42.71439599802372
42.71439599802372
42.95518712080255
43.634701954741836
44.65430257844051
44.652625038831935
44.31908917045183
44.32473703083911
44.06078711134891
42.29947412959381
42.24560422491457
42.245448897173034
42.47899474868717
42.47899474868717
42.74614475811466
42.27005405405406
42.39725096525097
42.39499613899614
42.89683921209345
42.908688349366315
43.603635682158924
43.89614787200994
44.366922604422605
44.36710687960688
44.91548870363658
44.91548870363658
45.97387194578206
47.462030308151654
48.436036036036036
48.31130722559294
48.64747725392887
48.64612627515854
47.994349352644285
47.84373997647813
47.742139037433155
47.74248663101604
47.96718146718147
47.96718146718147
47.86006618863762
49.47782258064516
49.41625238491925
49.405342219116974
49.405342219116974
49.6044671312051
49.99110525891489
49.708155080213906
49.70489304812834
49.51248132554665
49.28841504821404
49.88694548664754
50.07977043688387
49.91094297323806
49.920330671150346
48.55652724239112
48.55652724239112
47.97336390398551
47.66240791896869
48.416812322481974
48.42254752020975
49.80296215880893
48.9593837535014
48.96392260607947
49.18520984161327
52.06573190389683
52.069646649438376
54.12724643668663
54.61929423711602
54.624270119319625
59.29360195360195
64.09656667125361
64.08834215716807
69.77103575284181
76.39586131900467
76.39586131900467
76.75721567589038
76.81632853082426
76.55558493060146
76.1578660860098
77.20497835497835
77.20497835497835
69.99849431818181
63.18820022612807
63.1884571898448
58.282397536128876
54.45110469159579
54.45158615524528
52.352185314685315
50.95025510204081
50.955828527063
50.62769001831502
49.62781352910964
49.647028611136285
49.766362110758905
51.773158824762646
51.534068106262545
52.77634297520661
54.08824742268041
54.08368188512518
53.4640931372549
52.2638159539885
52.514941235308825
52.07796964939822
53.27765382998674
53.28693374721117
52.81744374073575
53.73406124497992
53.86949872026968
52.64196428571429
54.241158181111544
54.4991903096256
54.053789221307206
52.973800539083555
52.97495058400719
51.25157437126722
49.944405997693195
50.03040488922842
49.622046960530106
48.24152542372882
48.25635593220339
51.67149615612064
54.045208195637805
54.03955853999069
58.17986782875204
58.17986782875204
63.2928413488115
66.84921426789722
67.0642710780149
67.06719476235693
64.83208147336344
64.83208147336344
63.007481033069865
61.570742777341366
57.105672149744755
57.10414066931367
54.030482080733336
54.030482080733336
50.004842543077835
49.40778409090909
48.551722222222224
48.33163337583227
46.90192982456141
47.04269924374636
48.44329488919041
48.70357142857143
49.409385113268605
49.482356297247186
49.96282241654293
49.96755210911291
51.69134048821549
49.85392045761157
50.75891981205143
50.826332545958714
49.8676734409725
49.8676734409725
50.32034632034632
50.076265912305516
50.70210060807076
50.71318407960199
50.26971951254812
49.87216112837676
49.10886571056063
49.61610850536253
49.77193034589326
50.448607274401475
50.45416091160221
51.29406704406704
51.59131988230349
51.69173407482305
51.69572800808898
51.320624655336644
51.32022359252018
50.31288497800126
48.81470165817992
48.4837296620776
48.46856978085352
47.369290996085255
47.369290996085255
48.77370776460058
48.58081752604863
50.729346458108594
50.73089715929522
51.772012121715306
51.77518784507451
52.17796131275809
50.94595992243051
51.12955385558125
51.06384787206705
51.225860863125845
51.225860863125845
50.5797003033184
48.58351887820361
49.461119711042315
49.3262898625875
51.946039303552254
51.946039303552254
49.73912037037037
49.89919376804489
48.92005547850208
48.86534161490683
49.09840305892938
49.10388551506973
47.98884053119072
47.084810316389266
48.12477802441732
48.14531076581576
48.67508366291451
48.67508366291451
49.673188729874774
52.75651265008576
52.51571112789949
52.61854636591479
52.820837672104595
52.82216822862432
52.809837398373986
52.61921409214092
51.85772486772487
51.859867724867726
51.65912495072921
51.65972933911444
50.58120778304264
48.830594350519796
49.151334129828754
48.942776782158504
50.643913740866154
50.64399012144512
49.09350834350835
49.59196496572734
50.291912715107586
50.106468041762156
49.582573087290065
49.57982583454282
49.14499264396805
49.03078572923206
48.83449381078692
49.014229664014145
48.671629081512805
48.66898637538172
48.012595837897045
47.56331825037707
46.478303385894144
46.488418286273074
46.898902064119454
46.501873101088464
46.51261024748533
46.73644054760806
47.85806179775281
47.977444239476775
49.24137315564017
50.04789165897199
50.05201600492459
49.242694937992866
50.011452504826416
50.00373024442917
52.02261970618969
51.49344371436015
51.80319564651055
51.46166945840313
51.04144040370797
50.92877516318359
50.20526258325145
48.98934334164315
48.91013196640855
48.026070298184244
61.00264738422633
47.22835195530726
47.44575418994413
49.07340651733175
49.36540381351702
49.362284117001096
48.645827775307545
49.4394775423164
49.4394775423164
47.96316713290549
48.72074187420853
48.87037522959853
50.10942735683921
60.76710317460317
51.720973954512104
60.20563534055598
51.725903338224505
60.2034517510708
49.299277398635084
50.162245968896094
50.412603759183284
49.795451188893814
50.08236307628048
50.0903513809847
49.831119847003826
48.48164776307498
48.48322306238185
48.89681686647375
50.125552015204875
50.09930792962562
49.85135593220339
49.91070621468926
50.04717887833559
49.54425
48.85385490990866
48.8609622699131
48.22171296040643
46.96407509603419
46.96588757236379
45.28155339805825
44.37860007291287
44.38354773188897
43.451249741788885
43.189151633954495
43.10320398894155
46.218916857360796
49.522327044025154
49.52421383647799
50.30374317979952
48.9803495125758
48.816484985602635
46.13052647435415
44.9594782954998
44.79524881220305
44.543821138211385
45.08422256097561
44.94390829248366
45.35322580645161
46.93303735737946
46.93432554287818
46.57263944826134
46.13572633354417
46.136701454775455
46.498517373343134
47.47740287881133
47.47740287881133
46.80306725329981
47.86465474416294
48.1190263288624
49.275113008538426
48.86128742130284
48.61749354005168
47.42159634623749
48.4979020979021
48.49672105672106
49.902147239263805
43.1003220866994
43.09881725539891
44.583891529818494
43.53528145032051
43.428165257648956
42.48895732975335
43.857782467347285
43.857782467347285
45.161121765474306
45.422060838585914
45.30061687596387
44.57092912681099
44.569111148402975
43.179338933129706
43.86551724137931
49.203661642232774
49.200839699910524
50.29687818812487
50.29766034142692
44.08023458631411
47.68256157635468
49.88120183044316
50.026117483279364
49.67468023255814
49.43175800138153
50.931450140021916
47.61596424010217
37.85585133098945
38.73958258106449
38.74153246190511
40.90122222222222
44.057360991068855
50.198621893241864
43.33793432781517
43.542659632526835
45.112683220049014
45.112290192814534
45.847375308269164
44.46899055170816
44.59436582109479
45.205115751983165
42.10041217223538
41.88953152111047
44.64714285714286
41.45207281144781
41.37455488060327
41.41964191679831
41.49426778575022
39.13484573502722
45.931188470516595
49.80045296167248
50.02572314049587
54.36681659170415
54.378467016491754
53.637610976594026
53.06716695399385
54.09872813990461
54.09872813990461
56.146804217651656
56.146804217651656
57.18941342937998
58.486733789260384
56.41583592090211
56.57059977120444
54.599498506188645
54.599498506188645
54.84571761712953
51.92693647815599
52.274911603985856
52.26676845601629
50.06098908502897
50.063791941786825
50.74241194611265
53.13045784477945
50.254748603351956
50.25878185038834
51.7064303204514
51.70784094538486
52.53922077922078
51.44105434193898
51.28420362558431
51.17602019113519
50.70689603590127
50.70689603590127
49.6951439932522
48.11463032581454
51.03704708506662
51.018071205945816
51.83391273076001
51.22265211640212
51.26383898868929
51.29803196315165
50.203553332467195
50.03479203627045
53.91733456164594
51.422868362004486
51.091997008227374
55.1447612216843
55.81421562538815
55.83020742764874
54.61049147083383
53.38475510080523
53.384543197917296
51.02038599182004
52.073357335733576
52.25158978952082
54.68753573470555
52.124693084693085
51.97697594501718
52.501335403726706
53.047241004588265
52.7152559768172
56.88414634146341
55.90523774599682
55.90523774599682
58.657338999673094
60.28148667601683
60.147964040190374
60.42223908918406
60.54775148144109
60.830406805540406
57.19460847240051
55.97824623042014
55.98249158249158
58.335388756729685
56.817578772802655
56.826137171286426
55.25757396449704
53.76831677579589
53.76927636035222
53.58080633050309
54.86948745015248
54.68564692012968
55.26685450373254
54.25416441242632
54.251203052478715
54.838664494182886
54.83533472560622
54.83501566306996
56.543670150987225
55.68508761543926
55.68786999763201
56.90760919329732
56.268073214176034
56.27068361894233
54.669103717736206
56.43450255102041
56.44295280612245
55.382802966300574
55.307689882397455
55.32244537629662
55.7711353856339
55.64964663165402
